Длина волны, нм	амплитуда
 323.5	0
 323.8	0
 324.1	0
 324.4	0
 324.7	0
 325.0	0
 325.3	0
 325.7	0
 326.0	0
 326.3	0
 326.6	0
 326.9	0
 327.2	0
 327.5	0
 327.8	0
 328.1	0
 328.4	0
 328.7	0
 329.0	0
 329.3	0
 329.6	0
 329.9	0
 330.2	0
 330.5	0
 330.8	0
 331.1	0
 331.4	0
 331.7	0
 332.0	0
 332.3	0
 332.6	0
 332.9	0
 333.2	0
 333.5	0
 333.8	0
 334.1	0
 334.4	0
 334.7	0
 335.0	0
 335.3	0
 335.6	0
 335.9	0
 336.2	0
 336.5	0
 336.8	0
 337.1	0
 337.4	0
 337.7	0
 338.0	0
 338.3	0
 338.6	0
 338.9	0
 339.2	0
 339.5	0
 339.8	0
 340.1	0
 340.4	0
 340.7	0
 341.0	0
 341.3	0
 341.6	0
 341.9	0
 342.2	0
 342.5	0
 342.8	0
 343.1	0
 343.4	0
 343.7	0
 344.0	0
 344.3	0
 344.6	0
 344.9	0
 345.2	0
 345.5	0
 345.8	0
 346.2	0
 346.5	0
 346.8	0
 347.1	0
 347.4	0
 347.7	0
 348.0	0
 348.3	0
 348.6	0
 348.9	0
 349.2	0
 349.5	0
 349.8	0
 350.1	0
 350.4	0
 350.7	0
 351.0	0
 351.3	0
 351.6	0
 351.9	0
 352.2	0
 352.5	0
 352.8	0
 353.1	0
 353.4	0
 353.7	0
 354.0	0
 354.3	0
 354.6	0
 354.9	0
 355.2	0
 355.5	0
 355.8	0
 356.1	0
 356.4	0
 356.7	0
 357.0	0
 357.3	0
 357.6	0
 357.9	0
 358.2	0
 358.5	0
 358.8	0
 359.1	0
 359.4	0
 359.7	0
 360.0	0
 360.3	0
 360.6	0
 360.9	0
 361.2	0
 361.5	0
 361.8	0
 362.1	0
 362.4	0
 362.7	0
 363.0	0
 363.3	0
 363.6	0
 363.9	1
 364.2	1
 364.5	2
 364.8	2
 365.1	0
 365.4	0
 365.7	0
 366.0	0
 366.3	0
 366.6	0
 367.0	0
 367.3	0
 367.6	0
 367.9	0
 368.2	0
 368.5	0
 368.8	0
 369.1	0
 369.4	0
 369.7	2
 370.0	2
 370.3	0
 370.6	0
 370.9	0
 371.2	0
 371.5	0
 371.8	0
 372.1	0
 372.4	0
 372.7	0
 373.0	0
 373.3	0
 373.6	0
 373.9	0
 374.2	0
 374.5	0
 374.8	0
 375.1	0
 375.4	0
 375.7	0
 376.0	0
 376.3	0
 376.6	0
 376.9	0
 377.2	0
 377.5	0
 377.8	0
 378.1	0
 378.4	0
 378.7	0
 379.0	0
 379.3	0
 379.6	0
 379.9	0
 380.2	0
 380.5	0
 380.8	0
 381.1	0
 381.4	0
 381.7	0
 382.0	0
 382.3	0
 382.6	0
 382.9	0
 383.2	2
 383.5	2
 383.8	0
 384.1	0
 384.4	0
 384.7	0
 385.0	0
 385.3	0
 385.6	0
 385.9	0
 386.2	0
 386.5	0
 386.8	0
 387.1	0
 387.5	0
 387.8	0
 388.1	0
 388.4	2
 388.7	2
 389.0	0
 389.3	0
 389.6	0
 389.9	0
 390.2	0
 390.5	0
 390.8	0
 391.1	0
 391.4	0
 391.7	0
 392.0	0
 392.3	0
 392.6	0
 392.9	0
 393.2	0
 393.5	3
 393.8	3
 394.1	2
 394.4	2
 394.7	0
 395.0	0
 395.3	0
 395.6	0
 395.9	0
 396.2	0
 396.5	0
 396.8	0
 397.1	0
 397.4	0
 397.7	2
 398.0	2
 398.3	0
 398.6	0
 398.9	1
 399.2	1
 399.5	0
 399.8	0
 400.1	0
 400.4	0
 400.7	2
 401.0	2
 401.3	0
 401.6	0
 401.9	0
 402.2	0
 402.5	0
 402.8	2
 403.1	2
 403.4	2
 403.7	4
 404.0	4
 404.3	4
 404.6	3
 404.9	3
 405.2	4
 405.5	3
 405.8	3
 406.1	4
 406.4	2
 406.7	4
 407.0	4
 407.3	2
 407.6	2
 408.0	4
 408.3	4
 408.6	2
 408.9	3
 409.2	5
 409.5	4
 409.8	2
 410.1	4
 410.4	6
 410.7	4
 411.0	1
 411.3	3
 411.6	4
 411.9	4
 412.2	5
 412.5	5
 412.8	2
 413.1	2
 413.4	2
 413.7	1
 414.0	4
 414.3	6
 414.6	5
 414.9	4
 415.2	4
 415.5	4
 415.8	4
 416.1	4
 416.4	6
 416.7	5
 417.0	5
 417.3	6
 417.6	6
 417.9	4
 418.2	3
 418.5	3
 418.8	5
 419.1	8
 419.4	9
 419.7	8
 420.0	5
 420.3	5
 420.6	5
 420.9	5
 421.2	6
 421.5	6
 421.8	4
 422.1	5
 422.4	6
 422.7	5
 423.0	2
 423.3	2
 423.6	4
 423.9	5
 424.2	7
 424.5	7
 424.8	8
 425.1	6
 425.4	5
 425.7	7
 426.0	7
 426.3	5
 426.6	6
 426.9	5
 427.2	5
 427.5	5
 427.8	6
 428.1	7
 428.5	5
 428.8	5
 429.1	9
 429.4	9
 429.7	9
 430.0	11
 430.3	7
 430.6	5
 430.9	6
 431.2	6
 431.5	4
 431.8	6
 432.1	4
 432.4	3
 432.7	5
 433.0	6
 433.3	7
 433.6	6
 433.9	6
 434.2	7
 434.5	7
 434.8	10
 435.1	14
 435.4	12
 435.7	8
 436.0	8
 436.3	11
 436.6	11
 436.9	12
 437.2	10
 437.5	5
 437.8	6
 438.1	12
 438.4	13
 438.7	9
 439.0	9
 439.3	11
 439.6	8
 439.9	6
 440.2	10
 440.5	9
 440.8	11
 441.1	11
 441.4	11
 441.7	12
 442.0	12
 442.3	9
 442.6	7
 442.9	5
 443.2	8
 443.5	10
 443.8	7
 444.1	5
 444.4	7
 444.7	8
 445.0	8
 445.3	10
 445.6	10
 445.9	10
 446.2	10
 446.5	9
 446.8	10
 447.1	12
 447.4	12
 447.7	10
 448.0	8
 448.3	8
 448.6	4
 449.0	2
 449.3	4
 449.6	5
 449.9	5
 450.2	7
 450.5	12
 450.8	11
 451.1	10
 451.4	10
 451.7	9
 452.0	8
 452.3	12
 452.6	12
 452.9	11
 453.2	8
 453.5	6
 453.8	5
 454.1	4
 454.4	7
 454.7	8
 455.0	4
 455.3	5
 455.6	9
 455.9	8
 456.2	7
 456.5	7
 456.8	8
 457.1	6
 457.4	6
 457.7	6
 458.0	6
 458.3	4
 458.6	4
 458.9	4
 459.2	4
 459.5	9
 459.8	10
 460.1	7
 460.4	4
 460.7	9
 461.0	11
 461.3	12
 461.6	11
 461.9	7
 462.2	4
 462.5	7
 462.8	10
 463.1	10
 463.4	10
 463.7	11
 464.0	8
 464.3	8
 464.6	10
 464.9	10
 465.2	8
 465.5	7
 465.8	9
 466.1	11
 466.4	12
 466.7	14
 467.0	16
 467.3	15
 467.6	13
 467.9	12
 468.2	10
 468.5	8
 468.8	10
 469.1	12
 469.5	13
 469.8	13
 470.1	14
 470.4	13
 470.7	11
 471.0	8
 471.3	8
 471.6	8
 471.9	9
 472.2	14
 472.5	17
 472.8	14
 473.1	13
 473.4	10
 473.7	5
 474.0	4
 474.3	5
 474.6	9
 474.9	11
 475.2	15
 475.5	12
 475.8	8
 476.1	8
 476.4	8
 476.7	10
 477.0	10
 477.3	12
 477.6	15
 477.9	14
 478.2	15
 478.5	11
 478.8	4
 479.1	5
 479.4	10
 479.7	15
 480.0	15
 480.3	17
 480.6	15
 480.9	11
 481.2	9
 481.5	10
 481.8	10
 482.1	9
 482.4	13
 482.7	16
 483.0	15
 483.3	12
 483.6	8
 483.9	6
 484.2	7
 484.5	11
 484.8	15
 485.1	15
 485.4	18
 485.7	18
 486.0	18
 486.3	11
 486.6	11
 486.9	17
 487.2	17
 487.5	20
 487.8	22
 488.1	21
 488.4	19
 488.7	14
 489.0	14
 489.3	15
 489.6	17
 489.9	20
 490.3	18
 490.6	15
 490.9	15
 491.2	13
 491.5	8
 491.8	10
 492.1	14
 492.4	18
 492.7	20
 493.0	20
 493.3	21
 493.6	22
 493.9	17
 494.2	16
 494.5	15
 494.8	16
 495.1	17
 495.4	15
 495.7	19
 496.0	18
 496.3	17
 496.6	18
 496.9	18
 497.2	18
 497.5	20
 497.8	21
 498.1	20
 498.4	20
 498.7	22
 499.0	20
 499.3	18
 499.6	17
 499.9	16
 500.2	16
 500.5	15
 500.8	19
 501.1	19
 501.4	18
 501.7	19
 502.0	20
 502.3	19
 502.6	20
 502.9	24
 503.2	24
 503.5	20
 503.8	22
 504.1	23
 504.4	20
 504.7	17
 505.0	18
 505.3	23
 505.6	23
 505.9	25
 506.2	25
 506.5	24
 506.8	24
 507.1	27
 507.4	22
 507.7	22
 508.0	23
 508.3	22
 508.6	23
 508.9	29
 509.2	31
 509.5	28
 509.8	28
 510.1	29
 510.4	28
 510.8	25
 511.1	27
 511.4	30
 511.7	30
 512.0	31
 512.3	33
 512.6	30
 512.9	38
 513.2	43
 513.5	52
 513.8	68
 514.1	87
 514.4	101
 514.7	110
 515.0	115
 515.3	124
 515.6	130
 515.9	126
 516.2	128
 516.5	124
 516.8	122
 517.1	121
 517.4	115
 517.7	109
 518.0	109
 518.3	103
 518.6	98
 518.9	94
 519.2	90
 519.5	85
 519.8	82
 520.1	78
 520.4	77
 520.7	75
 521.0	68
 521.3	68
 521.6	70
 521.9	71
 522.2	71
 522.5	69
 522.8	62
 523.1	62
 523.4	63
 523.7	61
 524.0	62
 524.3	66
 524.6	69
 524.9	67
 525.2	65
 525.5	69
 525.8	69
 526.1	66
 526.4	68
 526.7	73
 527.0	82
 527.3	87
 527.6	94
 527.9	108
 528.2	134
 528.5	182
 528.8	247
 529.1	334
 529.4	430
 529.7	564
 530.0	788
 530.3	1098
 530.6	1472
 530.9	1999
 531.3	2330
 531.6	2663
 531.9	2743
 532.2	2793
 532.5	2819
 532.8	2830
 533.1	2841
 533.4	2844
 533.7	2852
 534.0	2855
 534.3	2857
 534.6	2731
 534.9	2624
 535.2	2066
 535.5	1679
 535.8	1445
 536.1	1194
 536.4	997
 536.7	837
 537.0	743
 537.3	674
 537.6	602
 537.9	548
 538.2	503
 538.5	437
 538.8	365
 539.1	320
 539.4	278
 539.7	242
 540.0	213
 540.3	190
 540.6	166
 540.9	146
 541.2	127
 541.5	112
 541.8	102
 542.1	95
 542.4	94
 542.7	93
 543.0	90
 543.3	87
 543.6	82
 543.9	77
 544.2	74
 544.5	74
 544.8	74
 545.1	77
 545.4	77
 545.7	71
 546.0	69
 546.3	63
 546.6	58
 546.9	59
 547.2	58
 547.5	59
 547.8	60
 548.1	63
 548.4	63
 548.7	61
 549.0	61
 549.3	62
 549.6	63
 549.9	66
 550.2	72
 550.5	72
 550.8	69
 551.1	71
 551.4	73
 551.8	73
 552.1	71
 552.4	71
 552.7	73
 553.0	74
 553.3	73
 553.6	69
 553.9	67
 554.2	62
 554.5	58
 554.8	55
 555.1	52
 555.4	53
 555.7	52
 556.0	52
 556.3	54
 556.6	52
 556.9	52
 557.2	47
 557.5	40
 557.8	40
 558.1	39
 558.4	41
 558.7	42
 559.0	42
 559.3	42
 559.6	43
 559.9	39
 560.2	39
 560.5	41
 560.8	43
 561.1	43
 561.4	44
 561.7	45
 562.0	43
 562.3	41
 562.6	41
 562.9	41
 563.2	40
 563.5	43
 563.8	40
 564.1	37
 564.4	35
 564.7	35
 565.0	34
 565.3	32
 565.6	33
 565.9	36
 566.2	36
 566.5	36
 566.8	36
 567.1	34
 567.4	34
 567.7	32
 568.0	30
 568.3	31
 568.6	33
 568.9	31
 569.2	33
 569.5	34
 569.8	33
 570.1	32
 570.4	32
 570.7	32
 571.0	32
 571.3	33
 571.6	32
 571.9	31
 572.3	31
 572.6	32
 572.9	34
 573.2	33
 573.5	31
 573.8	31
 574.1	31
 574.4	30
 574.7	28
 575.0	29
 575.3	27
 575.6	26
 575.9	26
 576.2	26
 576.5	28
 576.8	31
 577.1	30
 577.4	30
 577.7	29
 578.0	27
 578.3	23
 578.6	21
 578.9	23
 579.2	24
 579.5	30
 579.8	30
 580.1	30
 580.4	29
 580.7	27
 581.0	21
 581.3	18
 581.6	20
 581.9	21
 582.2	25
 582.5	28
 582.8	26
 583.1	24
 583.4	23
 583.7	22
 584.0	21
 584.3	20
 584.6	24
 584.9	26
 585.2	26
 585.5	24
 585.8	22
 586.1	18
 586.4	16
 586.7	17
 587.0	19
 587.3	23
 587.6	25
 587.9	26
 588.2	27
 588.5	24
 588.8	19
 589.1	19
 589.4	20
 589.7	25
 590.0	26
 590.3	26
 590.6	24
 590.9	24
 591.2	25
 591.5	21
 591.8	20
 592.1	25
 592.4	30
 592.8	30
 593.1	27
 593.4	29
 593.7	26
 594.0	25
 594.3	25
 594.6	24
 594.9	24
 595.2	22
 595.5	25
 595.8	25
 596.1	21
 596.4	19
 596.7	22
 597.0	24
 597.3	23
 597.6	25
 597.9	27
 598.2	27
 598.5	31
 598.8	29
 599.1	26
 599.4	23
 599.7	22
 600.0	24
 600.3	24
 600.6	28
 600.9	29
 601.2	29
 601.5	27
 601.8	26
 602.1	28
 602.4	31
 602.7	32
 603.0	32
 603.3	31
 603.6	31
 603.9	28
 604.2	26
 604.5	26
 604.8	26
 605.1	26
 605.4	28
 605.7	32
 606.0	30
 606.3	24
 606.6	27
 606.9	31
 607.2	31
 607.5	33
 607.8	33
 608.1	30
 608.4	27
 608.7	29
 609.0	27
 609.3	24
 609.6	25
 609.9	26
 610.2	23
 610.5	22
 610.8	26
 611.1	26
 611.4	23
 611.7	23
 612.0	24
 612.3	24
 612.6	25
 612.9	28
 613.2	28
 613.6	22
 613.9	24
 614.2	28
 614.5	28
 614.8	25
 615.1	26
 615.4	30
 615.7	32
 616.0	36
 616.3	36
 616.6	32
 616.9	36
 617.2	43
 617.5	43
 617.8	44
 618.1	47
 618.4	45
 618.7	43
 619.0	44
 619.3	46
 619.6	48
 619.9	44
 620.2	45
 620.5	42
 620.8	38
 621.1	39
 621.4	38
 621.7	38
 622.0	37
 622.3	36
 622.6	37
 622.9	39
 623.2	41
 623.5	39
 623.8	35
 624.1	36
 624.4	37
 624.7	40
 625.0	39
 625.3	39
 625.6	37
 625.9	34
 626.2	34
 626.5	34
 626.8	36
 627.1	36
 627.4	34
 627.7	34
 628.0	37
 628.3	37
 628.6	36
 628.9	36
 629.2	36
 629.5	34
 629.8	33
 630.1	34
 630.4	34
 630.7	33
 631.0	34
 631.3	35
 631.6	36
 631.9	35
 632.2	31
 632.5	28
 632.8	27
 633.1	26
 633.4	29
 633.7	30
 634.1	27
 634.4	27
 634.7	27
 635.0	28
 635.3	24
 635.6	24
 635.9	24
 636.2	21
 636.5	23
 636.8	23
 637.1	21
 637.4	19
 637.7	17
 638.0	17
 638.3	18
 638.6	20
 638.9	22
 639.2	23
 639.5	23
 639.8	24
 640.1	24
 640.4	21
 640.7	20
 641.0	21
 641.3	21
 641.6	21
 641.9	20
 642.2	20
 642.5	20
 642.8	20
 643.1	19
 643.4	17
 643.7	20
 644.0	22
 644.3	20
 644.6	20
 644.9	19
 645.2	19
 645.5	21
 645.8	24
 646.1	22
 646.4	20
 646.7	21
 647.0	20
 647.3	21
 647.6	21
 647.9	23
 648.2	22
 648.5	22
 648.8	23
 649.1	24
 649.4	24
 649.7	23
 650.0	21
 650.3	21
 650.6	21
 650.9	24
 651.2	24
 651.5	23
 651.8	23
 652.1	21
 652.4	19
 652.7	18
 653.0	19
 653.3	18
 653.6	20
 653.9	21
 654.2	19
 654.6	19
 654.9	19
 655.2	18
 655.5	18
 655.8	17
 656.1	22
 656.4	21
 656.7	20
 657.0	19
 657.3	18
 657.6	20
 657.9	19
 658.2	24
 658.5	25
 658.8	18
 659.1	18
 659.4	20
 659.7	21
 660.0	24
 660.3	26
 660.6	26
 660.9	20
 661.2	22
 661.5	25
 661.8	22
 662.1	19
 662.4	18
 662.7	18
 663.0	20
 663.3	24
 663.6	24
 663.9	20
 664.2	19
 664.5	19
 664.8	21
 665.1	23
 665.4	26
 665.7	24
 666.0	19
 666.3	24
 666.6	25
 666.9	23
 667.2	19
 667.5	19
 667.8	21
 668.1	18
 668.4	20
 668.7	20
 669.0	15
 669.3	15
 669.6	20
 669.9	21
 670.2	20
 670.5	20
 670.8	17
 671.1	15
 671.4	15
 671.7	14
 672.0	11
 672.3	8
 672.6	13
 672.9	14
 673.2	12
 673.5	16
 673.8	16
 674.1	15
 674.4	16
 674.7	17
 675.1	15
 675.4	14
 675.7	16
 676.0	17
 676.3	18
 676.6	17
 676.9	18
 677.2	17
 677.5	12
 677.8	10
 678.1	8
 678.4	9
 678.7	11
 679.0	10
 679.3	9
 679.6	9
 679.9	8
 680.2	8
 680.5	6
 680.8	8
 681.1	8
 681.4	9
 681.7	9
 682.0	8
 682.3	8
 682.6	8
 682.9	9
 683.2	6
 683.5	5
 683.8	6
 684.1	7
 684.4	7
 684.7	7
 685.0	6
 685.3	6
 685.6	5
 685.9	9
 686.2	11
 686.5	11
 686.8	11
 687.1	10
 687.4	8
 687.7	5
 688.0	7
 688.3	6
 688.6	6
 688.9	8
 689.2	9
 689.5	6
 689.8	5
 690.1	6
 690.4	5
 690.7	2
 691.0	4
 691.3	9
 691.6	11
 691.9	10
 692.2	10
 692.5	6
 692.8	6
 693.1	8
 693.4	5
 693.7	6
 694.0	7
 694.3	10
 694.6	10
 694.9	7
 695.2	8
 695.6	7
 695.9	7
 696.2	7
 696.5	8
 696.8	9
 697.1	10
 697.4	12
 697.7	9
 698.0	8
 698.3	11
 698.6	8
 698.9	7
 699.2	11
 699.5	15
 699.8	13
 700.1	11
 700.4	9
 700.7	7
 701.0	6
 701.3	6
 701.6	8
 701.9	11
 702.2	11
 702.5	14
 702.8	15
 703.1	13
 703.4	11
 703.7	8
 704.0	8
 704.3	6
 704.6	10
 704.9	11
 705.2	7
 705.5	8
 705.8	11
 706.1	7
 706.4	4
 706.7	5
 707.0	6
 707.3	8
 707.6	13
 707.9	8
 708.2	3
 708.5	3
 708.8	3
 709.1	2
 709.4	2
 709.7	6
 710.0	6
 710.3	6
 710.6	4
 710.9	1
 711.2	-1
 711.5	1
 711.8	3
 712.1	4
 712.4	6
 712.7	7
 713.0	6
 713.3	6
 713.6	7
 713.9	6
 714.2	7
 714.5	5
 714.8	5
 715.1	5
 715.4	7
 715.7	8
 716.1	6
 716.4	4
 716.7	3
 717.0	3
 717.3	6
 717.6	7
 717.9	8
 718.2	8
 718.5	2
 718.8	0
 719.1	2
 719.4	4
 719.7	3
 720.0	5
 720.3	9
 720.6	9
 720.9	8
 721.2	7
 721.5	5
 721.8	6
 722.1	5
 722.4	6
 722.7	9
 723.0	9
 723.3	6
 723.6	7
 723.9	7
 724.2	6
 724.5	4
 724.8	2
 725.1	4
 725.4	4
 725.7	5
 726.0	5
 726.3	5
 726.6	4
 726.9	4
 727.2	3
 727.5	2
 727.8	1
 728.1	4
 728.4	6
 728.7	7
 729.0	6
 729.3	7
 729.6	7
 729.9	4
 730.2	6
 730.5	5
 730.8	6
 731.1	7
 731.4	6
 731.7	6
 732.0	5
 732.3	4
 732.6	3
 732.9	3
 733.2	4
 733.5	4
 733.8	3
 734.1	5
 734.4	7
 734.7	6
 735.0	3
 735.3	3
 735.6	2
 735.9	3
 736.2	5
 736.5	5
 736.9	6
 737.2	7
 737.5	5
 737.8	5
 738.1	3
 738.4	3
 738.7	6
 739.0	9
 739.3	10
 739.6	7
 739.9	6
 740.2	4
 740.5	6
 740.8	5
 741.1	5
 741.4	6
 741.7	4
 742.0	3
 742.3	3
 742.6	5
 742.9	6
 743.2	5
 743.5	6
 743.8	7
 744.1	6
 744.4	6
 744.7	7
 745.0	6
 745.3	4
 745.6	5
 745.9	1
 746.2	0
 746.5	3
 746.8	8
 747.1	8
 747.4	6
 747.7	7
 748.0	4
 748.3	1
 748.6	7
 748.9	9
 749.2	8
 749.5	9
 749.8	11
 750.1	9
 750.4	5
 750.7	0
 751.0	-3
 751.3	-3
 751.6	-1
 751.9	8
 752.2	9
 752.5	8
 752.8	10
 753.1	8
 753.4	4
 753.7	6
 754.0	6
 754.3	8
 754.6	12
 754.9	12
 755.2	11
 755.5	9
 755.8	9
 756.1	5
 756.4	1
 756.7	1
 757.0	5
 757.4	7
 757.7	6
 758.0	7
 758.3	8
 758.6	6
 758.9	7
 759.2	6
 759.5	5
 759.8	8
 760.1	11
 760.4	9
 760.7	6
 761.0	5
 761.3	4
 761.6	5
 761.9	4
 762.2	8
 762.5	10
 762.8	10
 763.1	10
 763.4	6
 763.7	4
 764.0	6
 764.3	6
 764.6	5
 764.9	6
 765.2	10
 765.5	9
 765.8	5
 766.1	4
 766.4	3
 766.7	4
 767.0	5
 767.3	6
 767.6	6
 767.9	8
 768.2	7
 768.5	4
 768.8	3
 769.1	4
 769.4	4
 769.7	6
 770.0	8
 770.3	9
 770.6	7
 770.9	7
 771.2	6
 771.5	4
 771.8	3
 772.1	3
 772.4	5
 772.7	6
 773.0	8
 773.3	8
 773.6	5
 773.9	2
 774.2	4
 774.5	4
 774.8	4
 775.1	4
 775.4	4
 775.7	3
 776.0	3
 776.3	4
 776.6	3
 776.9	1
 777.2	2
 777.5	3
 777.9	3
 778.2	6
 778.5	6
 778.8	3
 779.1	2
 779.4	1
 779.7	1
 780.0	3
 780.3	4
 780.6	8
 780.9	7
 781.2	8
 781.5	9
 781.8	6
 782.1	4
 782.4	3
 782.7	3
 783.0	3
 783.3	7
 783.6	8
 783.9	7
 784.2	6
 784.5	5
 784.8	3
 785.1	4
 785.4	4
 785.7	6
 786.0	8
 786.3	9
 786.6	9
 786.9	8
 787.2	7
 787.5	4
 787.8	4
 788.1	3
 788.4	1
 788.7	3
 789.0	5
 789.3	6
 789.6	7
 789.9	7
 790.2	6
 790.5	4
 790.8	5
 791.1	7
 791.4	7
 791.7	7
 792.0	9
 792.3	7
 792.6	7
 792.9	8
 793.2	4
 793.5	1
 793.8	3
 794.1	6
 794.4	5
 794.7	4
 795.0	5
 795.3	5
 795.6	3
 795.9	5
 796.2	6
 796.5	5
 796.8	5
 797.1	6
 797.4	6
 797.7	5
 798.0	4
 798.4	2
 798.7	3
 799.0	1
 799.3	3
 799.6	6
 799.9	7
 800.2	7
 800.5	8
 800.8	8
 801.1	9
 801.4	9
 801.7	7
 802.0	7
 802.3	10
 802.6	8
 802.9	6
 803.2	4
 803.5	2
 803.8	2
 804.1	3
 804.4	9
 804.7	11
 805.0	11
 805.3	10
 805.6	7
 805.9	4
 806.2	7
 806.5	6
 806.8	4
 807.1	9
 807.4	13
 807.7	11
 808.0	7
 808.3	4
 808.6	1
 808.9	2
 809.2	2
 809.5	6
 809.8	8
 810.1	7
 810.4	6
 810.7	4
 811.0	2
 811.3	2
 811.6	1
 811.9	4
 812.2	6
 812.5	9
 812.8	11
 813.1	8
 813.4	7
 813.7	7
 814.0	5
 814.3	2
 814.6	6
 814.9	8
 815.2	8
 815.5	9
 815.8	9
 816.1	8
 816.4	8
 816.7	9
 817.0	7
 817.3	4
 817.6	4
 817.9	5
 818.2	7
 818.5	7
 818.9	8
 819.2	7
 819.5	3
 819.8	6
 820.1	4
 820.4	2
 820.7	4
 821.0	4
 821.3	5
 821.6	6
 821.9	6
 822.2	3
 822.5	1
 822.8	3
 823.1	3
 823.4	5
 823.7	7
 824.0	7
 824.3	7
 824.6	4
 824.9	4
 825.2	4
 825.5	2
 825.8	3
 826.1	3
 826.4	3
 826.7	4
 827.0	6
 827.3	6
 827.6	5
 827.9	7
 828.2	5
 828.5	5
 828.8	7
 829.1	9
 829.4	4
 829.7	3
 830.0	5
 830.3	6
 830.6	8
 830.9	9
 831.2	4
 831.5	2
 831.8	5
 832.1	6
 832.4	8
 832.7	8
 833.0	9
 833.3	8
 833.6	8
 833.9	9
 834.2	9
 834.5	5
 834.8	3
 835.1	5
 835.4	4
 835.7	4
 836.0	7
 836.3	5
 836.6	3
 836.9	3
 837.2	6
 837.5	6
 837.8	4
 838.1	9
 838.4	9
 838.7	7
 839.0	7
 839.4	7
 839.7	4
 840.0	1
 840.3	4
 840.6	5
 840.9	4
 841.2	6
 841.5	4
 841.8	4
 842.1	4
 842.4	4
 842.7	7
 843.0	6
 843.3	7
 843.6	4
 843.9	2
 844.2	4
 844.5	6
 844.8	4
 845.1	0
 845.4	1
 845.7	3
 846.0	4
 846.3	4
 846.6	2
 846.9	1
 847.2	1
 847.5	5
 847.8	6
 848.1	4
 848.4	3
 848.7	2
 849.0	1
 849.3	3
 849.6	6
 849.9	6
 850.2	7
 850.5	7
 850.8	2
 851.1	1
 851.4	2
 851.7	2
 852.0	1
 852.3	0
 852.6	4
 852.9	6
 853.2	7
 853.5	9
 853.8	8
 854.1	6
 854.4	4
 854.7	6
 855.0	5
 855.3	5
 855.6	4
 855.9	2
 856.2	-1
 856.5	0
 856.8	5
 857.1	4
 857.4	1
 857.7	5
 858.0	6
 858.3	6
 858.6	11
 858.9	11
 859.2	7
 859.5	2
 859.8	5
 860.2	5
 860.5	4
 860.8	5
 861.1	2
 861.4	1
 861.7	4
 862.0	9
 862.3	8
 862.6	1
 862.9	3
 863.2	4
 863.5	6
 863.8	9
 864.1	7
 864.4	6
 864.7	5
 865.0	7
 865.3	6
 865.6	5
 865.9	6
 866.2	4
 866.5	1
 866.8	2
 867.1	5
 867.4	6
 867.7	3
 868.0	3
 868.3	3
 868.6	3
 868.9	6
 869.2	9
 869.5	6
 869.8	3
 870.1	6
 870.4	6
 870.7	5
 871.0	6
 871.3	10
 871.6	8
 871.9	1
 872.2	0
 872.5	0
 872.8	2
 873.1	6
 873.4	4
 873.7	4
 874.0	5
 874.3	6
 874.6	8
 874.9	6
 875.2	11
 875.5	11
 875.8	12
 876.1	12
 876.4	13
 876.7	12
 877.0	8
 877.3	10
 877.6	11
 877.9	10
 878.2	11
 878.5	10
 878.8	8
 879.1	9
 879.4	14
 879.7	17
 880.0	15
 880.3	15
 880.7	12
 881.0	10
 881.3	9
 881.6	11
 881.9	12
 882.2	12
 882.5	14
 882.8	17
 883.1	13
 883.4	13
 883.7	17
 884.0	17
 884.3	16
 884.6	19
 884.9	19
 885.2	16
 885.5	16
 885.8	16
 886.1	15
 886.4	14
 886.7	16
 887.0	17
 887.3	17
 887.6	17
 887.9	16
 888.2	16
 888.5	16
 888.8	10
 889.1	8
 889.4	9
 889.7	14
 890.0	14
 890.3	14
 890.6	16
 890.9	13
 891.2	8
 891.5	9
 891.8	12
 892.1	10
 892.4	8
 892.7	10
 893.0	11
 893.3	12
 893.6	12
 893.9	11
 894.2	11
 894.5	10
 894.8	15
 895.1	15
 895.4	12
 895.7	16
 896.0	18
 896.3	15
 896.6	14
 896.9	14
 897.2	10
 897.5	10
 897.8	10
 898.1	11
 898.4	16
 898.7	15
 899.0	13
 899.3	13
 899.6	10
 899.9	15
 900.2	13
 900.5	10
 900.8	15
 901.2	17
 901.5	17
 901.8	17
 902.1	15
 902.4	10
 902.7	6
 903.0	8
 903.3	12
 903.6	16
 903.9	20
 904.2	20
 904.5	17
 904.8	13
 905.1	16
 905.4	12
 905.7	9
 906.0	13
 906.3	13
 906.6	13
 906.9	12
 907.2	15
 907.5	16
 907.8	13
 908.1	12
 908.4	16
 908.7	19
 909.0	18
 909.3	16
 909.6	18
 909.9	14
 910.2	15
 910.5	15
 910.8	12
 911.1	15
 911.4	23
 911.7	25
 912.0	19
 912.3	19
 912.6	16
 912.9	17
 913.2	17
 913.5	19
 913.8	21
 914.1	18
 914.4	17
 914.7	17
 915.0	14
 915.3	14
 915.6	12
 915.9	12
 916.2	19
 916.5	25
 916.8	25
 917.1	22
 917.4	21
 917.7	21
 918.0	20
 918.3	17
 918.6	15
 918.9	18
 919.2	23
 919.5	23
 919.8	17
 920.1	17
 920.4	23
 920.7	20
 921.0	20
 921.3	24
 921.7	30
 922.0	28
 922.3	23
 922.6	23
 922.9	23
 923.2	18
 923.5	14
 923.8	16
 924.1	18
 924.4	21
 924.7	24
 925.0	24
 925.3	23
 925.6	23
 925.9	18
 926.2	18
 926.5	23
 926.8	23
 927.1	21
 927.4	21
 927.7	20
 928.0	17
 928.3	13
 928.6	13
 928.9	15
 929.2	18
 929.5	23
 929.8	23
 930.1	23
 930.4	21
 930.7	17
 931.0	15
 931.3	17
 931.6	11
 931.9	13
 932.2	18
 932.5	20
 932.8	0
 933.1	0
 933.4	0
 933.7	0
 934.0	0
 934.3	0
 934.6	0
 934.9	0
 935.2	0
 935.5	0
 935.8	0
 936.1	0
 936.4	0
 936.7	0
 937.0	0
 937.3	0
 937.6	0
 937.9	0
 938.2	0
 938.5	0
 938.8	0
 939.1	0
 939.4	0
 939.7	0
 940.0	0
 940.3	0
 940.6	0
 940.9	0
 941.2	0
 941.5	0
 941.8	0
 942.2	0
 942.5	0
 942.8	0
 943.1	0
 943.4	0
 943.7	0
 944.0	0
 944.3	0
 944.6	0
 944.9	0
 945.2	0
 945.5	0
 945.8	0
 946.1	0
 946.4	0
 946.7	0
 947.0	0
 947.3	0
 947.6	0
 947.9	0
 948.2	0
 948.5	0
 948.8	0
 949.1	0
 949.4	0
 949.7	0
 950.0	0
 950.3	0
