Длина волны, нм	амплитуда
 323.5	0
 323.8	0
 324.1	0
 324.4	0
 324.7	0
 325.0	0
 325.3	0
 325.7	0
 326.0	0
 326.3	0
 326.6	0
 326.9	0
 327.2	0
 327.5	0
 327.8	0
 328.1	0
 328.4	0
 328.7	0
 329.0	0
 329.3	0
 329.6	0
 329.9	0
 330.2	0
 330.5	0
 330.8	0
 331.1	0
 331.4	0
 331.7	0
 332.0	0
 332.3	0
 332.6	10
 332.9	10
 333.2	10
 333.5	11
 333.8	11
 334.1	12
 334.4	10
 334.7	10
 335.0	9
 335.3	10
 335.6	15
 335.9	16
 336.2	16
 336.5	14
 336.8	12
 337.1	12
 337.4	14
 337.7	14
 338.0	12
 338.3	12
 338.6	14
 338.9	14
 339.2	14
 339.5	12
 339.8	12
 340.1	12
 340.4	14
 340.7	16
 341.0	14
 341.3	16
 341.6	16
 341.9	16
 342.2	16
 342.5	14
 342.8	14
 343.1	14
 343.4	14
 343.7	16
 344.0	16
 344.3	16
 344.6	16
 344.9	16
 345.2	15
 345.5	15
 345.8	16
 346.2	16
 346.5	18
 346.8	18
 347.1	18
 347.4	18
 347.7	16
 348.0	16
 348.3	16
 348.6	16
 348.9	16
 349.2	16
 349.5	18
 349.8	18
 350.1	18
 350.4	14
 350.7	14
 351.0	14
 351.3	12
 351.6	16
 351.9	16
 352.2	16
 352.5	17
 352.8	17
 353.1	17
 353.4	17
 353.7	17
 354.0	17
 354.3	17
 354.6	17
 354.9	16
 355.2	16
 355.5	14
 355.8	14
 356.1	15
 356.4	15
 356.7	18
 357.0	19
 357.3	18
 357.6	17
 357.9	16
 358.2	16
 358.5	16
 358.8	16
 359.1	17
 359.4	17
 359.7	19
 360.0	19
 360.3	19
 360.6	15
 360.9	14
 361.2	18
 361.5	20
 361.8	23
 362.1	23
 362.4	23
 362.7	19
 363.0	17
 363.3	18
 363.6	18
 363.9	18
 364.2	18
 364.5	18
 364.8	18
 365.1	18
 365.4	18
 365.7	14
 366.0	14
 366.3	16
 366.6	18
 367.0	21
 367.3	21
 367.6	22
 367.9	20
 368.2	19
 368.5	19
 368.8	16
 369.1	16
 369.4	19
 369.7	19
 370.0	19
 370.3	19
 370.6	20
 370.9	20
 371.2	19
 371.5	19
 371.8	19
 372.1	19
 372.4	20
 372.7	20
 373.0	19
 373.3	19
 373.6	19
 373.9	19
 374.2	19
 374.5	19
 374.8	19
 375.1	21
 375.4	21
 375.7	21
 376.0	20
 376.3	19
 376.6	18
 376.9	19
 377.2	19
 377.5	19
 377.8	22
 378.1	22
 378.4	22
 378.7	21
 379.0	20
 379.3	19
 379.6	20
 379.9	21
 380.2	22
 380.5	23
 380.8	23
 381.1	21
 381.4	19
 381.7	17
 382.0	18
 382.3	18
 382.6	18
 382.9	22
 383.2	23
 383.5	23
 383.8	21
 384.1	19
 384.4	19
 384.7	19
 385.0	20
 385.3	20
 385.6	21
 385.9	23
 386.2	21
 386.5	21
 386.8	20
 387.1	18
 387.5	19
 387.8	22
 388.1	24
 388.4	23
 388.7	22
 389.0	22
 389.3	21
 389.6	21
 389.9	21
 390.2	21
 390.5	21
 390.8	21
 391.1	22
 391.4	20
 391.7	21
 392.0	21
 392.3	19
 392.6	19
 392.9	21
 393.2	23
 393.5	22
 393.8	20
 394.1	19
 394.4	19
 394.7	19
 395.0	20
 395.3	21
 395.6	20
 395.9	19
 396.2	21
 396.5	21
 396.8	21
 397.1	21
 397.4	20
 397.7	18
 398.0	19
 398.3	19
 398.6	22
 398.9	25
 399.2	21
 399.5	18
 399.8	17
 400.1	19
 400.4	21
 400.7	21
 401.0	21
 401.3	23
 401.6	21
 401.9	20
 402.2	20
 402.5	20
 402.8	18
 403.1	18
 403.4	20
 403.7	20
 404.0	20
 404.3	21
 404.6	23
 404.9	21
 405.2	19
 405.5	20
 405.8	20
 406.1	20
 406.4	22
 406.7	21
 407.0	19
 407.3	19
 407.6	19
 408.0	17
 408.3	19
 408.6	21
 408.9	21
 409.2	22
 409.5	22
 409.8	22
 410.1	20
 410.4	19
 410.7	21
 411.0	22
 411.3	21
 411.6	21
 411.9	21
 412.2	21
 412.5	22
 412.8	21
 413.1	19
 413.4	21
 413.7	21
 414.0	20
 414.3	22
 414.6	24
 414.9	24
 415.2	21
 415.5	19
 415.8	19
 416.1	19
 416.4	19
 416.7	21
 417.0	23
 417.3	23
 417.6	21
 417.9	21
 418.2	21
 418.5	21
 418.8	22
 419.1	22
 419.4	23
 419.7	24
 420.0	22
 420.3	21
 420.6	23
 420.9	24
 421.2	22
 421.5	23
 421.8	25
 422.1	23
 422.4	22
 422.7	22
 423.0	23
 423.3	24
 423.6	22
 423.9	21
 424.2	22
 424.5	24
 424.8	24
 425.1	24
 425.4	26
 425.7	26
 426.0	24
 426.3	24
 426.6	24
 426.9	24
 427.2	24
 427.5	24
 427.8	24
 428.1	25
 428.5	23
 428.8	25
 429.1	23
 429.4	22
 429.7	22
 430.0	28
 430.3	30
 430.6	30
 430.9	32
 431.2	27
 431.5	25
 431.8	25
 432.1	26
 432.4	25
 432.7	24
 433.0	25
 433.3	26
 433.6	24
 433.9	25
 434.2	25
 434.5	24
 434.8	24
 435.1	28
 435.4	31
 435.7	31
 436.0	32
 436.3	30
 436.6	26
 436.9	26
 437.2	28
 437.5	26
 437.8	26
 438.1	28
 438.4	28
 438.7	28
 439.0	28
 439.3	26
 439.6	26
 439.9	26
 440.2	30
 440.5	33
 440.8	33
 441.1	34
 441.4	29
 441.7	26
 442.0	26
 442.3	28
 442.6	28
 442.9	31
 443.2	33
 443.5	33
 443.8	33
 444.1	33
 444.4	32
 444.7	30
 445.0	29
 445.3	31
 445.6	33
 445.9	33
 446.2	35
 446.5	35
 446.8	32
 447.1	32
 447.4	33
 447.7	33
 448.0	33
 448.3	33
 448.6	35
 449.0	35
 449.3	34
 449.6	34
 449.9	34
 450.2	34
 450.5	34
 450.8	31
 451.1	31
 451.4	35
 451.7	36
 452.0	35
 452.3	34
 452.6	35
 452.9	35
 453.2	36
 453.5	36
 453.8	36
 454.1	36
 454.4	36
 454.7	36
 455.0	34
 455.3	32
 455.6	34
 455.9	34
 456.2	36
 456.5	39
 456.8	39
 457.1	38
 457.4	36
 457.7	36
 458.0	36
 458.3	36
 458.6	36
 458.9	38
 459.2	39
 459.5	40
 459.8	40
 460.1	38
 460.4	37
 460.7	40
 461.0	41
 461.3	43
 461.6	46
 461.9	46
 462.2	43
 462.5	39
 462.8	40
 463.1	40
 463.4	39
 463.7	40
 464.0	41
 464.3	39
 464.6	40
 464.9	42
 465.2	41
 465.5	39
 465.8	38
 466.1	38
 466.4	42
 466.7	44
 467.0	44
 467.3	43
 467.6	39
 467.9	40
 468.2	40
 468.5	40
 468.8	41
 469.1	41
 469.5	41
 469.8	40
 470.1	39
 470.4	39
 470.7	37
 471.0	38
 471.3	39
 471.6	40
 471.9	43
 472.2	44
 472.5	42
 472.8	39
 473.1	40
 473.4	40
 473.7	40
 474.0	40
 474.3	40
 474.6	41
 474.9	42
 475.2	43
 475.5	44
 475.8	44
 476.1	46
 476.4	46
 476.7	49
 477.0	53
 477.3	59
 477.6	63
 477.9	63
 478.2	67
 478.5	67
 478.8	68
 479.1	68
 479.4	68
 479.7	68
 480.0	69
 480.3	69
 480.6	67
 480.9	65
 481.2	64
 481.5	61
 481.8	60
 482.1	61
 482.4	64
 482.7	64
 483.0	61
 483.3	62
 483.6	60
 483.9	57
 484.2	57
 484.5	59
 484.8	57
 485.1	57
 485.4	59
 485.7	60
 486.0	60
 486.3	64
 486.6	71
 486.9	88
 487.2	106
 487.5	127
 487.8	146
 488.1	166
 488.4	183
 488.7	194
 489.0	200
 489.3	202
 489.6	202
 489.9	195
 490.3	186
 490.6	174
 490.9	164
 491.2	152
 491.5	145
 491.8	134
 492.1	127
 492.4	121
 492.7	117
 493.0	113
 493.3	106
 493.6	103
 493.9	100
 494.2	96
 494.5	90
 494.8	86
 495.1	83
 495.4	81
 495.7	79
 496.0	77
 496.3	75
 496.6	74
 496.9	72
 497.2	70
 497.5	68
 497.8	68
 498.1	64
 498.4	64
 498.7	68
 499.0	65
 499.3	65
 499.6	65
 499.9	65
 500.2	66
 500.5	64
 500.8	64
 501.1	62
 501.4	59
 501.7	59
 502.0	58
 502.3	58
 502.6	55
 502.9	56
 503.2	57
 503.5	58
 503.8	60
 504.1	59
 504.4	58
 504.7	57
 505.0	58
 505.3	56
 505.6	55
 505.9	57
 506.2	57
 506.5	55
 506.8	55
 507.1	55
 507.4	55
 507.7	52
 508.0	52
 508.3	52
 508.6	53
 508.9	57
 509.2	55
 509.5	55
 509.8	54
 510.1	54
 510.4	53
 510.8	53
 511.1	53
 511.4	53
 511.7	53
 512.0	53
 512.3	53
 512.6	53
 512.9	52
 513.2	52
 513.5	52
 513.8	51
 514.1	56
 514.4	57
 514.7	56
 515.0	56
 515.3	59
 515.6	59
 515.9	56
 516.2	58
 516.5	62
 516.8	62
 517.1	62
 517.4	62
 517.7	60
 518.0	59
 518.3	61
 518.6	58
 518.9	55
 519.2	57
 519.5	60
 519.8	60
 520.1	57
 520.4	57
 520.7	58
 521.0	56
 521.3	55
 521.6	55
 521.9	54
 522.2	54
 522.5	54
 522.8	54
 523.1	54
 523.4	55
 523.7	51
 524.0	50
 524.3	52
 524.6	52
 524.9	54
 525.2	53
 525.5	53
 525.8	52
 526.1	51
 526.4	52
 526.7	53
 527.0	52
 527.3	53
 527.6	53
 527.9	53
 528.2	53
 528.5	53
 528.8	50
 529.1	50
 529.4	49
 529.7	50
 530.0	55
 530.3	56
 530.6	56
 530.9	52
 531.3	52
 531.6	52
 531.9	53
 532.2	53
 532.5	53
 532.8	54
 533.1	54
 533.4	53
 533.7	53
 534.0	49
 534.3	49
 534.6	51
 534.9	52
 535.2	57
 535.5	56
 535.8	53
 536.1	50
 536.4	50
 536.7	53
 537.0	53
 537.3	53
 537.6	53
 537.9	52
 538.2	52
 538.5	52
 538.8	52
 539.1	47
 539.4	47
 539.7	48
 540.0	50
 540.3	53
 540.6	53
 540.9	53
 541.2	50
 541.5	50
 541.8	50
 542.1	50
 542.4	51
 542.7	51
 543.0	49
 543.3	49
 543.6	49
 543.9	49
 544.2	46
 544.5	46
 544.8	48
 545.1	48
 545.4	50
 545.7	51
 546.0	50
 546.3	49
 546.6	47
 546.9	47
 547.2	47
 547.5	47
 547.8	48
 548.1	48
 548.4	47
 548.7	47
 549.0	49
 549.3	49
 549.6	49
 549.9	49
 550.2	49
 550.5	49
 550.8	50
 551.1	50
 551.4	48
 551.8	48
 552.1	50
 552.4	50
 552.7	50
 553.0	50
 553.3	50
 553.6	50
 553.9	51
 554.2	51
 554.5	49
 554.8	49
 555.1	49
 555.4	52
 555.7	52
 556.0	52
 556.3	55
 556.6	56
 556.9	55
 557.2	53
 557.5	51
 557.8	51
 558.1	53
 558.4	54
 558.7	52
 559.0	52
 559.3	54
 559.6	54
 559.9	52
 560.2	48
 560.5	50
 560.8	51
 561.1	51
 561.4	55
 561.7	55
 562.0	55
 562.3	53
 562.6	53
 562.9	53
 563.2	53
 563.5	53
 563.8	53
 564.1	53
 564.4	53
 564.7	50
 565.0	49
 565.3	53
 565.6	52
 565.9	50
 566.2	50
 566.5	52
 566.8	52
 567.1	52
 567.4	52
 567.7	51
 568.0	51
 568.3	51
 568.6	51
 568.9	51
 569.2	50
 569.5	50
 569.8	50
 570.1	50
 570.4	48
 570.7	47
 571.0	46
 571.3	48
 571.6	51
 571.9	49
 572.3	48
 572.6	48
 572.9	48
 573.2	48
 573.5	48
 573.8	48
 574.1	48
 574.4	47
 574.7	47
 575.0	47
 575.3	47
 575.6	47
 575.9	47
 576.2	46
 576.5	46
 576.8	46
 577.1	46
 577.4	48
 577.7	49
 578.0	47
 578.3	46
 578.6	47
 578.9	47
 579.2	46
 579.5	46
 579.8	48
 580.1	48
 580.4	48
 580.7	48
 581.0	49
 581.3	45
 581.6	46
 581.9	50
 582.2	51
 582.5	54
 582.8	57
 583.1	56
 583.4	51
 583.7	51
 584.0	53
 584.3	52
 584.6	51
 584.9	53
 585.2	54
 585.5	54
 585.8	55
 586.1	55
 586.4	52
 586.7	53
 587.0	53
 587.3	53
 587.6	55
 587.9	58
 588.2	58
 588.5	54
 588.8	55
 589.1	58
 589.4	56
 589.7	54
 590.0	55
 590.3	55
 590.6	55
 590.9	56
 591.2	57
 591.5	56
 591.8	56
 592.1	56
 592.4	55
 592.8	57
 593.1	60
 593.4	58
 593.7	55
 594.0	55
 594.3	55
 594.6	55
 594.9	55
 595.2	55
 595.5	55
 595.8	57
 596.1	57
 596.4	55
 596.7	52
 597.0	52
 597.3	52
 597.6	52
 597.9	52
 598.2	53
 598.5	55
 598.8	56
 599.1	56
 599.4	53
 599.7	51
 600.0	51
 600.3	51
 600.6	50
 600.9	52
 601.2	52
 601.5	52
 601.8	52
 602.1	52
 602.4	49
 602.7	49
 603.0	51
 603.3	54
 603.6	53
 603.9	53
 604.2	54
 604.5	52
 604.8	52
 605.1	53
 605.4	54
 605.7	53
 606.0	54
 606.3	55
 606.6	55
 606.9	55
 607.2	55
 607.5	55
 607.8	55
 608.1	57
 608.4	61
 608.7	62
 609.0	62
 609.3	63
 609.6	63
 609.9	62
 610.2	62
 610.5	62
 610.8	63
 611.1	64
 611.4	65
 611.7	68
 612.0	68
 612.3	67
 612.6	67
 612.9	67
 613.2	67
 613.6	70
 613.9	71
 614.2	71
 614.5	72
 614.8	71
 615.1	70
 615.4	70
 615.7	71
 616.0	71
 616.3	72
 616.6	73
 616.9	73
 617.2	71
 617.5	70
 617.8	69
 618.1	68
 618.4	69
 618.7	72
 619.0	74
 619.3	72
 619.6	71
 619.9	72
 620.2	70
 620.5	68
 620.8	68
 621.1	69
 621.4	69
 621.7	69
 622.0	69
 622.3	70
 622.6	69
 622.9	67
 623.2	66
 623.5	69
 623.8	71
 624.1	67
 624.4	65
 624.7	69
 625.0	69
 625.3	66
 625.6	66
 625.9	68
 626.2	68
 626.5	70
 626.8	70
 627.1	68
 627.4	66
 627.7	65
 628.0	67
 628.3	66
 628.6	60
 628.9	65
 629.2	67
 629.5	64
 629.8	67
 630.1	70
 630.4	68
 630.7	63
 631.0	65
 631.3	69
 631.6	69
 631.9	69
 632.2	71
 632.5	71
 632.8	71
 633.1	71
 633.4	73
 633.7	72
 634.1	76
 634.4	78
 634.7	81
 635.0	87
 635.3	92
 635.6	96
 635.9	97
 636.2	102
 636.5	108
 636.8	115
 637.1	122
 637.4	126
 637.7	128
 638.0	134
 638.3	138
 638.6	142
 638.9	147
 639.2	152
 639.5	153
 639.8	156
 640.1	159
 640.4	160
 640.7	161
 641.0	160
 641.3	163
 641.6	162
 641.9	160
 642.2	159
 642.5	159
 642.8	155
 643.1	152
 643.4	152
 643.7	148
 644.0	144
 644.3	143
 644.6	143
 644.9	140
 645.2	140
 645.5	138
 645.8	133
 646.1	127
 646.4	124
 646.7	121
 647.0	117
 647.3	114
 647.6	110
 647.9	106
 648.2	106
 648.5	105
 648.8	101
 649.1	99
 649.4	98
 649.7	96
 650.0	94
 650.3	92
 650.6	91
 650.9	91
 651.2	89
 651.5	89
 651.8	89
 652.1	86
 652.4	85
 652.7	86
 653.0	84
 653.3	85
 653.6	85
 653.9	86
 654.2	87
 654.6	87
 654.9	85
 655.2	87
 655.5	87
 655.8	89
 656.1	98
 656.4	103
 656.7	106
 657.0	112
 657.3	119
 657.6	133
 657.9	146
 658.2	158
 658.5	178
 658.8	199
 659.1	214
 659.4	228
 659.7	245
 660.0	260
 660.3	272
 660.6	288
 660.9	309
 661.2	330
 661.5	346
 661.8	366
 662.1	382
 662.4	399
 662.7	416
 663.0	435
 663.3	457
 663.6	482
 663.9	504
 664.2	524
 664.5	543
 664.8	563
 665.1	584
 665.4	610
 665.7	630
 666.0	647
 666.3	669
 666.6	695
 666.9	716
 667.2	730
 667.5	745
 667.8	767
 668.1	787
 668.4	802
 668.7	814
 669.0	832
 669.3	852
 669.6	860
 669.9	870
 670.2	881
 670.5	893
 670.8	901
 671.1	904
 671.4	903
 671.7	909
 672.0	917
 672.3	913
 672.6	914
 672.9	912
 673.2	907
 673.5	896
 673.8	885
 674.1	879
 674.4	867
 674.7	853
 675.1	840
 675.4	822
 675.7	803
 676.0	779
 676.3	758
 676.6	735
 676.9	714
 677.2	694
 677.5	665
 677.8	636
 678.1	610
 678.4	585
 678.7	553
 679.0	523
 679.3	497
 679.6	474
 679.9	448
 680.2	422
 680.5	396
 680.8	374
 681.1	347
 681.4	324
 681.7	304
 682.0	287
 682.3	274
 682.6	259
 682.9	240
 683.2	225
 683.5	216
 683.8	209
 684.1	201
 684.4	192
 684.7	184
 685.0	177
 685.3	172
 685.6	169
 685.9	165
 686.2	158
 686.5	158
 686.8	161
 687.1	165
 687.4	172
 687.7	179
 688.0	188
 688.3	201
 688.6	218
 688.9	238
 689.2	262
 689.5	291
 689.8	322
 690.1	359
 690.4	400
 690.7	443
 691.0	489
 691.3	542
 691.6	601
 691.9	662
 692.2	727
 692.5	800
 692.8	870
 693.1	943
 693.4	1025
 693.7	1108
 694.0	1185
 694.3	1268
 694.6	1348
 694.9	1427
 695.2	1505
 695.6	1578
 695.9	1645
 696.2	1717
 696.5	1779
 696.8	1841
 697.1	1891
 697.4	1951
 697.7	1994
 698.0	2045
 698.3	2082
 698.6	2121
 698.9	2144
 699.2	2167
 699.5	2184
 699.8	2210
 700.1	2224
 700.4	2236
 700.7	2244
 701.0	2244
 701.3	2246
 701.6	2244
 701.9	2245
 702.2	2230
 702.5	2223
 702.8	2200
 703.1	2195
 703.4	2168
 703.7	2153
 704.0	2125
 704.3	2099
 704.6	2067
 704.9	2036
 705.2	1998
 705.5	1959
 705.8	1917
 706.1	1878
 706.4	1831
 706.7	1777
 707.0	1725
 707.3	1673
 707.6	1624
 707.9	1569
 708.2	1515
 708.5	1463
 708.8	1407
 709.1	1347
 709.4	1286
 709.7	1227
 710.0	1168
 710.3	1108
 710.6	1050
 710.9	994
 711.2	939
 711.5	886
 711.8	833
 712.1	789
 712.4	745
 712.7	705
 713.0	669
 713.3	636
 713.6	609
 713.9	587
 714.2	566
 714.5	548
 714.8	531
 715.1	520
 715.4	508
 715.7	501
 716.1	500
 716.4	499
 716.7	500
 717.0	503
 717.3	510
 717.6	515
 717.9	530
 718.2	549
 718.5	568
 718.8	591
 719.1	619
 719.4	649
 719.7	683
 720.0	723
 720.3	765
 720.6	807
 720.9	848
 721.2	896
 721.5	944
 721.8	987
 722.1	1035
 722.4	1079
 722.7	1119
 723.0	1161
 723.3	1200
 723.6	1236
 723.9	1273
 724.2	1306
 724.5	1335
 724.8	1356
 725.1	1378
 725.4	1396
 725.7	1406
 726.0	1419
 726.3	1432
 726.6	1441
 726.9	1448
 727.2	1452
 727.5	1459
 727.8	1461
 728.1	1465
 728.4	1466
 728.7	1466
 729.0	1464
 729.3	1463
 729.6	1463
 729.9	1461
 730.2	1465
 730.5	1460
 730.8	1455
 731.1	1454
 731.4	1449
 731.7	1441
 732.0	1438
 732.3	1435
 732.6	1431
 732.9	1429
 733.2	1423
 733.5	1415
 733.8	1412
 734.1	1411
 734.4	1412
 734.7	1411
 735.0	1402
 735.3	1395
 735.6	1391
 735.9	1390
 736.2	1384
 736.5	1381
 736.9	1381
 737.2	1376
 737.5	1372
 737.8	1369
 738.1	1370
 738.4	1373
 738.7	1365
 739.0	1360
 739.3	1362
 739.6	1361
 739.9	1361
 740.2	1358
 740.5	1359
 740.8	1357
 741.1	1354
 741.4	1357
 741.7	1354
 742.0	1356
 742.3	1359
 742.6	1359
 742.9	1361
 743.2	1362
 743.5	1366
 743.8	1371
 744.1	1374
 744.4	1378
 744.7	1379
 745.0	1383
 745.3	1392
 745.6	1399
 745.9	1398
 746.2	1399
 746.5	1407
 746.8	1411
 747.1	1415
 747.4	1425
 747.7	1427
 748.0	1430
 748.3	1440
 748.6	1444
 748.9	1448
 749.2	1453
 749.5	1458
 749.8	1469
 750.1	1476
 750.4	1483
 750.7	1497
 751.0	1506
 751.3	1510
 751.6	1510
 751.9	1518
 752.2	1527
 752.5	1534
 752.8	1542
 753.1	1546
 753.4	1557
 753.7	1567
 754.0	1569
 754.3	1571
 754.6	1573
 754.9	1581
 755.2	1592
 755.5	1595
 755.8	1595
 756.1	1596
 756.4	1593
 756.7	1592
 757.0	1594
 757.4	1601
 757.7	1603
 758.0	1603
 758.3	1603
 758.6	1606
 758.9	1612
 759.2	1610
 759.5	1608
 759.8	1614
 760.1	1616
 760.4	1611
 760.7	1618
 761.0	1628
 761.3	1631
 761.6	1631
 761.9	1630
 762.2	1630
 762.5	1634
 762.8	1637
 763.1	1638
 763.4	1644
 763.7	1648
 764.0	1651
 764.3	1657
 764.6	1659
 764.9	1652
 765.2	1656
 765.5	1665
 765.8	1662
 766.1	1662
 766.4	1666
 766.7	1667
 767.0	1664
 767.3	1662
 767.6	1663
 767.9	1663
 768.2	1663
 768.5	1660
 768.8	1663
 769.1	1665
 769.4	1663
 769.7	1661
 770.0	1658
 770.3	1655
 770.6	1652
 770.9	1649
 771.2	1649
 771.5	1649
 771.8	1648
 772.1	1645
 772.4	1642
 772.7	1643
 773.0	1641
 773.3	1635
 773.6	1632
 773.9	1628
 774.2	1623
 774.5	1621
 774.8	1619
 775.1	1615
 775.4	1615
 775.7	1604
 776.0	1597
 776.3	1598
 776.6	1599
 776.9	1598
 777.2	1590
 777.5	1585
 777.9	1579
 778.2	1579
 778.5	1577
 778.8	1571
 779.1	1567
 779.4	1561
 779.7	1559
 780.0	1558
 780.3	1553
 780.6	1548
 780.9	1543
 781.2	1539
 781.5	1534
 781.8	1533
 782.1	1531
 782.4	1523
 782.7	1516
 783.0	1512
 783.3	1506
 783.6	1500
 783.9	1496
 784.2	1489
 784.5	1481
 784.8	1477
 785.1	1473
 785.4	1468
 785.7	1462
 786.0	1456
 786.3	1453
 786.6	1451
 786.9	1447
 787.2	1439
 787.5	1434
 787.8	1428
 788.1	1421
 788.4	1415
 788.7	1411
 789.0	1409
 789.3	1404
 789.6	1396
 789.9	1393
 790.2	1389
 790.5	1386
 790.8	1386
 791.1	1378
 791.4	1367
 791.7	1366
 792.0	1363
 792.3	1361
 792.6	1357
 792.9	1349
 793.2	1345
 793.5	1339
 793.8	1332
 794.1	1327
 794.4	1324
 794.7	1318
 795.0	1314
 795.3	1314
 795.6	1310
 795.9	1303
 796.2	1296
 796.5	1294
 796.8	1290
 797.1	1287
 797.4	1282
 797.7	1277
 798.0	1274
 798.4	1267
 798.7	1261
 799.0	1255
 799.3	1251
 799.6	1247
 799.9	1243
 800.2	1236
 800.5	1230
 800.8	1225
 801.1	1222
 801.4	1219
 801.7	1215
 802.0	1211
 802.3	1210
 802.6	1206
 802.9	1199
 803.2	1195
 803.5	1186
 803.8	1181
 804.1	1184
 804.4	1180
 804.7	1169
 805.0	1163
 805.3	1161
 805.6	1157
 805.9	1154
 806.2	1147
 806.5	1142
 806.8	1142
 807.1	1131
 807.4	1123
 807.7	1125
 808.0	1119
 808.3	1115
 808.6	1112
 808.9	1106
 809.2	1100
 809.5	1090
 809.8	1082
 810.1	1079
 810.4	1077
 810.7	1071
 811.0	1061
 811.3	1059
 811.6	1053
 811.9	1043
 812.2	1038
 812.5	1035
 812.8	1027
 813.1	1018
 813.4	1013
 813.7	1009
 814.0	1005
 814.3	1000
 814.6	996
 814.9	995
 815.2	989
 815.5	981
 815.8	979
 816.1	975
 816.4	969
 816.7	963
 817.0	954
 817.3	944
 817.6	939
 817.9	937
 818.2	936
 818.5	931
 818.9	923
 819.2	918
 819.5	914
 819.8	912
 820.1	906
 820.4	899
 820.7	892
 821.0	889
 821.3	887
 821.6	882
 821.9	873
 822.2	868
 822.5	863
 822.8	856
 823.1	848
 823.4	846
 823.7	844
 824.0	840
 824.3	836
 824.6	828
 824.9	825
 825.2	819
 825.5	811
 825.8	808
 826.1	803
 826.4	799
 826.7	795
 827.0	789
 827.3	787
 827.6	781
 827.9	774
 828.2	768
 828.5	764
 828.8	759
 829.1	756
 829.4	754
 829.7	750
 830.0	746
 830.3	739
 830.6	732
 830.9	729
 831.2	724
 831.5	719
 831.8	719
 832.1	715
 832.4	712
 832.7	707
 833.0	701
 833.3	695
 833.6	692
 833.9	688
 834.2	687
 834.5	686
 834.8	685
 835.1	682
 835.4	675
 835.7	670
 836.0	668
 836.3	663
 836.6	657
 836.9	656
 837.2	656
 837.5	652
 837.8	645
 838.1	643
 838.4	639
 838.7	635
 839.0	630
 839.4	626
 839.7	625
 840.0	623
 840.3	619
 840.6	617
 840.9	615
 841.2	614
 841.5	612
 841.8	608
 842.1	609
 842.4	604
 842.7	599
 843.0	599
 843.3	594
 843.6	588
 843.9	586
 844.2	585
 844.5	582
 844.8	579
 845.1	578
 845.4	575
 845.7	571
 846.0	569
 846.3	564
 846.6	562
 846.9	560
 847.2	556
 847.5	556
 847.8	557
 848.1	553
 848.4	551
 848.7	547
 849.0	543
 849.3	539
 849.6	536
 849.9	533
 850.2	534
 850.5	537
 850.8	532
 851.1	530
 851.4	532
 851.7	528
 852.0	521
 852.3	519
 852.6	520
 852.9	521
 853.2	522
 853.5	517
 853.8	513
 854.1	512
 854.4	509
 854.7	509
 855.0	504
 855.3	504
 855.6	507
 855.9	504
 856.2	503
 856.5	489
 856.8	506
 857.1	514
 857.4	492
 857.7	491
 858.0	492
 858.3	492
 858.6	492
 858.9	491
 859.2	486
 859.5	481
 859.8	481
 860.2	480
 860.5	477
 860.8	480
 861.1	477
 861.4	472
 861.7	475
 862.0	477
 862.3	471
 862.6	468
 862.9	468
 863.2	465
 863.5	461
 863.8	462
 864.1	463
 864.4	461
 864.7	459
 865.0	459
 865.3	455
 865.6	452
 865.9	453
 866.2	455
 866.5	454
 866.8	448
 867.1	445
 867.4	443
 867.7	442
 868.0	438
 868.3	437
 868.6	442
 868.9	441
 869.2	438
 869.5	438
 869.8	437
 870.1	432
 870.4	430
 870.7	429
 871.0	429
 871.3	431
 871.6	428
 871.9	425
 872.2	423
 872.5	419
 872.8	417
 873.1	415
 873.4	414
 873.7	415
 874.0	415
 874.3	415
 874.6	408
 874.9	404
 875.2	406
 875.5	401
 875.8	403
 876.1	403
 876.4	401
 876.7	401
 877.0	402
 877.3	402
 877.6	397
 877.9	391
 878.2	388
 878.5	386
 878.8	384
 879.1	385
 879.4	384
 879.7	381
 880.0	379
 880.3	378
 880.7	376
 881.0	373
 881.3	370
 881.6	372
 881.9	371
 882.2	370
 882.5	369
 882.8	361
 883.1	360
 883.4	364
 883.7	361
 884.0	356
 884.3	353
 884.6	349
 884.9	349
 885.2	350
 885.5	350
 885.8	349
 886.1	347
 886.4	345
 886.7	347
 887.0	347
 887.3	345
 887.6	341
 887.9	335
 888.2	333
 888.5	329
 888.8	329
 889.1	327
 889.4	328
 889.7	328
 890.0	324
 890.3	322
 890.6	321
 890.9	316
 891.2	315
 891.5	312
 891.8	310
 892.1	311
 892.4	316
 892.7	313
 893.0	304
 893.3	304
 893.6	305
 893.9	301
 894.2	298
 894.5	296
 894.8	294
 895.1	292
 895.4	290
 895.7	287
 896.0	285
 896.3	284
 896.6	281
 896.9	281
 897.2	281
 897.5	274
 897.8	271
 898.1	269
 898.4	265
 898.7	264
 899.0	259
 899.3	257
 899.6	258
 899.9	254
 900.2	249
 900.5	247
 900.8	247
 901.2	243
 901.5	238
 901.8	236
 902.1	237
 902.4	232
 902.7	233
 903.0	233
 903.3	230
 903.6	226
 903.9	220
 904.2	220
 904.5	215
 904.8	209
 905.1	208
 905.4	205
 905.7	205
 906.0	206
 906.3	203
 906.6	200
 906.9	193
 907.2	190
 907.5	186
 907.8	183
 908.1	184
 908.4	184
 908.7	185
 909.0	179
 909.3	175
 909.6	170
 909.9	168
 910.2	165
 910.5	162
 910.8	158
 911.1	157
 911.4	156
 911.7	152
 912.0	145
 912.3	147
 912.6	147
 912.9	150
 913.2	154
 913.5	150
 913.8	146
 914.1	142
 914.4	142
 914.7	139
 915.0	138
 915.3	141
 915.6	141
 915.9	140
 916.2	143
 916.5	145
 916.8	143
 917.1	141
 917.4	141
 917.7	141
 918.0	143
 918.3	146
 918.6	146
 918.9	144
 919.2	140
 919.5	139
 919.8	139
 920.1	140
 920.4	143
 920.7	142
 921.0	142
 921.3	145
 921.7	145
 922.0	144
 922.3	144
 922.6	147
 922.9	146
 923.2	146
 923.5	147
 923.8	150
 924.1	154
 924.4	154
 924.7	154
 925.0	154
 925.3	154
 925.6	154
 925.9	154
 926.2	154
 926.5	155
 926.8	156
 927.1	155
 927.4	154
 927.7	153
 928.0	149
 928.3	151
 928.6	152
 928.9	155
 929.2	159
 929.5	159
 929.8	158
 930.1	153
 930.4	153
 930.7	155
 931.0	154
 931.3	154
 931.6	154
 931.9	154
 932.2	153
 932.5	151
 932.8	0
 933.1	0
 933.4	0
 933.7	0
 934.0	0
 934.3	0
 934.6	0
 934.9	0
 935.2	0
 935.5	0
 935.8	0
 936.1	0
 936.4	0
 936.7	0
 937.0	0
 937.3	0
 937.6	0
 937.9	0
 938.2	0
 938.5	0
 938.8	0
 939.1	0
 939.4	0
 939.7	0
 940.0	0
 940.3	0
 940.6	0
 940.9	0
 941.2	0
 941.5	0
 941.8	0
 942.2	0
 942.5	0
 942.8	0
 943.1	0
 943.4	0
 943.7	0
 944.0	0
 944.3	0
 944.6	0
 944.9	0
 945.2	0
 945.5	0
 945.8	0
 946.1	0
 946.4	0
 946.7	0
 947.0	0
 947.3	0
 947.6	0
 947.9	0
 948.2	0
 948.5	0
 948.8	0
 949.1	0
 949.4	0
 949.7	0
 950.0	0
 950.3	0
